Alue;VP_A;VP_BC;VP_DEF;VP_GHUX;VP_JKLM;VP_NO;VP_P;VP_Q
Alajärvi;12.9952056522836;25.6119101690638;6.83825384809488;20.2876608629826;6.00555134998738;5.14761544284633;9.66439565985365;13.4494070148877
Alavieska;25.7403189066059;17.1981776765376;11.8451025056948;20.0455580865604;2.39179954441913;6.49202733485194;4.66970387243736;11.6173120728929
Alavus;12.0084811102544;17.3284502698535;6.07170393215112;30.4356206630686;7.13184271395528;6.11025443330763;5.72474942174248;15.1888974556669
Asikkala;13.6781609195402;29.3103448275862;7.93103448275862;19.8850574712644;5.28735632183908;5.01915708812261;5.28735632183908;13.6015325670498
Askola;12.2344322344322;16.1904761904762;25.8608058608059;16.1172161172161;2.78388278388278;8.57142857142857;8.42490842490843;9.81684981684982
Aura;6.91573926868045;36.0890302066773;7.86963434022258;22.5755166931638;5.80286168521463;7.15421303656598;2.86168521462639;10.731319554849
Akaa;4.24007744433688;31.8296224588577;7.14424007744434;23.6011616650532;5.324298160697;9.91287512100678;4.99515972894482;12.9525653436592
Brändö;23.448275862069;0.689655172413793;12.4137931034483;26.2068965517241;11.7241379310345;4.82758620689655;4.13793103448276;16.551724137931
Eckerö;18.1818181818182;0.395256916996047;15.4150197628458;39.1304347826087;1.58102766798419;9.88142292490119;4.74308300395257;10.6719367588933
Enonkoski;27.1662763466042;4.44964871194379;9.13348946135831;22.248243559719;3.04449648711944;6.79156908665105;3.98126463700234;23.1850117096019
Enontekiö;11.444921316166;1.43061516452074;9.01287553648069;34.1917024320458;4.72103004291846;20.3147353361946;6.43776824034335;12.4463519313305
Espoo;0.1514356269521;13.0372307930581;6.24155703358257;30.1640839435214;21.8127532889925;9.24445668166682;8.32465733387254;11.023825298354
Eura;7.72091375951833;42.2879404993802;9.52718257481849;18.1158137063928;3.40003541703559;5.7198512484505;3.82503984416504;9.40322295023907
Eurajoki;7.40889066880256;10.6928313976772;44.7336804164998;12.8954745694834;3.80456547857429;7.8494193031638;5.48658390068082;7.12855426511814
Evijärvi;28.7287287287287;12.1121121121121;7.60760760760761;19.6196196196196;3.7037037037037;4.6046046046046;8.60860860860861;15.015015015015
Finström;9.77917981072555;16.5089379600421;9.04311251314406;19.1377497371188;4.83701366982124;3.47003154574133;11.882229232387;25.34174553102
Forssa;2.15680261678422;30.2463457017275;8.56587958703874;24.0110395584177;7.89123990595932;10.0684861494429;5.23356843504038;11.8266380455893
Föglö;20.4188481675393;0.523560209424084;2.09424083769634;37.696335078534;3.66492146596859;12.565445026178;8.37696335078534;14.6596858638743
Geta;26.1261261261261;3.6036036036036;9.90990990990991;28.8288288288288;0.900900900900901;7.20720720720721;4.5045045045045;18.9189189189189
Haapajärvi;11.0832025117739;23.6106750392465;7.53532182103611;18.1475667189953;5.18053375196232;13.0298273155416;8.13186813186813;13.2810047095761
Haapavesi;14.616935483871;25.4032258064516;7.79569892473118;17.1706989247312;3.59543010752688;6.28360215053763;10.4166666666667;14.7177419354839
Hailuoto;24.2677824267782;2.09205020920502;2.09205020920502;26.7782426778243;5.85774058577406;12.9707112970711;7.11297071129707;18.8284518828452
Halsua;35.5748373101952;12.7982646420824;6.72451193058568;15.6182212581345;2.60303687635575;6.941431670282;6.50759219088937;13.2321041214751
Hamina;4.40168370414913;16.2357185808779;9.17618761274804;37.0294648226097;4.60613349368611;10.6554419723391;4.19723391461215;13.6981358989778
Hammarland;20.440251572327;2.51572327044025;14.7798742138365;26.7295597484277;6.28930817610063;6.60377358490566;6.60377358490566;16.0377358490566
Hankasalmi;21.3084112149533;13.0218068535826;5.42056074766355;26.2305295950156;4.23676012461059;7.66355140186916;6.91588785046729;15.202492211838
Hanko;0.292340674332489;36.6010524264276;6.06119664782693;34.2623270317677;3.27421555252387;7.44494250633405;3.43013057883454;8.63379458195284
Harjavalta;1.543056246889;35.3160776505724;5.84868093578895;20.3334992533599;3.03633648581384;6.09756097560976;3.65853658536585;24.1662518666003
Hartola;18.0363636363636;21.2363636363636;7.12727272727273;23.6363636363636;5.30909090909091;6.32727272727273;6.54545454545455;11.7818181818182
Hattula;6.51619949035311;9.28285402257008;10.484164543138;21.9876228613032;3.4583181652712;29.8507462686567;4.51401528940663;13.9060793593011
Hausjärvi;10.0871731008717;23.4952262349523;11.0004151100042;23.1216272312163;4.60772104607721;4.89829804898298;7.09838107098381;15.6911581569116
Heinävesi;14.3448275862069;23.1724137931034;5.58620689655172;22.7586206896552;4;6.3448275862069;4.75862068965517;19.0344827586207
Helsinki;0.0988696166661477;6.00146358172703;5.62622613894684;28.9176761228578;24.675624617237;15.8105751564787;6.0307871163288;12.8387776497576
Vantaa;0.367262296988255;13.11775650219;7.61076010698089;46.8157680530253;8.03616419241056;12.278576689019;3.61738827086321;8.15632388852281
Hirvensalmi;21.8406593406593;19.9175824175824;8.24175824175824;19.3681318681319;3.98351648351648;4.80769230769231;6.04395604395604;15.7967032967033
Hollola;6.63864328163502;30.3667198144659;7.81272648209885;21.0900130453689;8.3780258008407;7.39237570662415;4.37744600666763;13.9440498622989
Honkajoki;33.6312849162011;14.3016759776536;6.36871508379888;21.6759776536313;5.13966480446927;6.4804469273743;3.35195530726257;9.05027932960894
Huittinen;12.9172382258802;20.0731595793324;7.08733424782807;28.509373571102;5.46410608139003;6.92729766803841;7.54458161865569;11.4769090077732
Humppila;17.1679197994987;14.9122807017544;7.39348370927318;32.8320802005013;4.63659147869674;6.39097744360902;3.88471177944862;12.781954887218
Hyrynsalmi;19.3971166448231;8.91218872870249;4.45609436435125;28.9646133682831;3.93184796854522;10.0917431192661;7.86369593709043;16.3826998689384
Hyvinkää;0.655808202978014;19.4914798688384;10.0467666505402;28.6566682793098;9.02005052948449;7.69230769230769;5.30559587163361;19.1313229049078
Hämeenkyrö;10.1773771445188;23.6115149752835;8.08374527478918;22.9717941261995;4.24542018028497;6.57167781331782;7.99651061355045;16.3419598720558
Hämeenlinna;3.23920804933463;17.3060694579682;7.38072054527751;24.5829276209023;9.63323596234989;13.5410580980201;6.37455371632587;17.9422265498215
Heinola;2.56318550309967;32.2961373390558;7.04577968526466;23.3786361468765;4.99523128278493;7.67763471626133;5.72246065808298;16.3209346685742
Ii;8.40301003344482;17.2658862876254;13.3779264214047;24.0802675585284;4.30602006688963;9.57357859531773;5.81103678929766;17.1822742474916
Iisalmi;6.16220650056393;20.4757510509587;6.3262585871014;25.8792166512868;6.34676509791859;8.89982569465805;7.3823438941864;18.5276325233262
Iitti;14.2178046672429;29.6888504753673;7.56266205704408;19.533275713051;2.93863439930856;6.39585133967156;4.84010371650821;14.8228176318064
Ikaalinen;9.37917222963952;20.0267022696929;8.67823765020027;22.9305740987984;6.64218958611482;10.2469959946595;7.71028037383178;14.3858477970628
Ilmajoki;17.1526586620926;16.5523156089194;6.08919382504288;23.0131503716409;4.54545454545455;6.46083476272156;10.4059462550029;15.7804459691252
Ilomantsi;15.7700421940928;9.28270042194093;5.59071729957806;25.2637130801688;5.69620253164557;10.2320675105485;5.90717299578059;22.2573839662447
Inari;11.2986565621771;2.44574578022735;5.92490527040992;34.860489149156;6.09714088873579;19.2214950051671;8.81846365828453;11.3331036858422
Inkoo;10.7746478873239;9.36619718309859;20.4225352112676;20.9859154929577;7.95774647887324;11.7605633802817;6.05633802816901;12.6760563380282
Isojoki;28.0660377358491;16.0377358490566;5.54245283018868;20.9905660377358;2.24056603773585;5.42452830188679;4.00943396226415;17.688679245283
Isokyrö;22.2298692360633;12.7322780454233;5.98761183757743;27.5292498279422;3.92291810048176;6.81348933241569;6.19408121128699;14.5905024088094
Imatra;0.863643912971267;29.7541936555389;8.21292144162099;27.6366052150806;6.80950008304268;9.51669157947185;6.35276532137519;10.8536787908985
Jalasjärvi;20.2786377708978;21.9195046439628;4.92260061919505;19.938080495356;3.34365325077399;5.60371517027864;11.5170278637771;12.4767801857585
Janakkala;5.83397092578424;32.1729150726855;8.91354246365723;21.9395562356542;4.80107115531752;4.47589900535578;7.88064269319051;13.982402448355
Joensuu;2.36287952987267;16.1024730656219;8.13234573947111;26.5303623898139;9.41172869735553;10.9176052889324;9.4851860920666;17.0574191968658
Jokioinen;9.40940940940941;15.7157157157157;7.25725725725726;13.2632632632633;31.3813813813814;4.65465465465465;5.05505505505506;13.2632632632633
Jomala;7.09639266706091;8.69308101714962;16.5582495564755;40.508574807806;4.55351862803075;2.06978119455943;9.46185688941455;11.0585452395033
Joroinen;25.5102040816327;17.2869147659064;7.62304921968787;16.6866746698679;4.44177671068427;7.20288115246098;6.30252100840336;14.9459783913565
Joutsa;16.9759825327511;15.2292576419214;9.17030567685589;22.4344978165939;4.74890829694323;7.47816593886463;4.96724890829694;18.9956331877729
Juankoski;18.0319922443044;29.0353853611246;4.41105186621425;16.7716917111003;2.22976248182259;7.22249151720795;8.38584585555017;13.9117789626757
Juuka;14.2723444080487;36.0786148806738;4.25830603649977;17.3139915769771;3.13523631258774;6.78521291530183;4.67945718296678;13.4768366869443
Juupajoki;13.5897435897436;14.1025641025641;13.8461538461538;21.2820512820513;4.87179487179487;16.4102564102564;3.71794871794872;12.1794871794872
Juva;22.5408203902828;11.5491835921943;8.64197530864197;26.0454002389486;3.8231780167264;7.48705694942254;4.61967343687774;15.2927120669056
Jyväskylä;1.03152719178765;15.4729078768147;7.67084150028238;23.7517026012425;13.9912295272582;13.1108601043155;9.6292481977343;15.3416830005648
Jämijärvi;23.6467236467236;15.3846153846154;19.0883190883191;16.0968660968661;1.99430199430199;6.12535612535613;4.84330484330484;12.8205128205128
Jämsä;4.47728989103463;30.9850037760276;7.90808069910454;21.9549034415795;5.1030316107455;8.6848635235732;5.95533498759305;14.931492070342
Järvenpää;0.145431041447847;19.6897471115779;8.09566130726347;26.4361315342975;8.41076189706714;13.1938272602408;10.6649430395088;13.3634968085966
Kaarina;1.82926829268293;23.1914014055395;9.48739148408433;26.3021909880116;9.31169904919388;9.09466721785862;5.5601488218272;15.223232740802
Kaavi;13.7126865671642;23.0410447761194;5.41044776119403;24.6268656716418;4.38432835820895;7.08955223880597;5.69029850746269;16.044776119403
Kajaani;3.0316289536192;14.008001000125;7.70096262032754;24.1405175646956;7.79472434054257;15.9394924365546;8.58232279034879;18.8023502937867
Kalajoki;17.9237463738085;21.0733526730211;10.5263157894737;22.689598010775;5.63613758806465;5.59469539991712;6.02983837546623;10.5263157894737
Kangasala;4.80169340463458;25.4567736185383;9.21345811051693;22.0922459893048;5.55926916221034;7.62032085561497;4.59001782531194;20.6662210338681
Kangasniemi;18.8720173535792;13.177874186551;7.75488069414317;27.060737527115;6.50759219088937;6.56182212581345;5.04338394793926;15.0216919739696
Kankaanpää;5.3568281938326;19.1013215859031;8.44052863436123;21.0220264317181;6.7488986784141;13.726872246696;9.12775330396476;16.4757709251101
Kannonkoski;21.1538461538462;21.1538461538462;3.46153846153846;22.500001;3.46153846153846;5.57692307692308;7.500001;15.1923076923077
Kannus;12.295719844358;26.8093385214008;7.00389105058366;21.6731517509728;4.90272373540856;6.6147859922179;7.23735408560311;13.4630350194553
Karijoki;27.7358490566038;23.0188679245283;14.5283018867925;13.3962264150943;4.52830188679245;4.52830188679245;1.88679245283019;10.377358490566
Karkkila;2.45559038662487;42.0062695924765;8.3594566353187;20.5590386624869;5.61650992685475;7.78474399164054;3.76175548589342;9.45663531870428
Karstula;16.7145318782309;23.2624928202183;7.0649052268811;19.1269385410684;4.76737507179782;5.39919586444572;6.83515221137277;16.8294083859851
Karvia;27.7227722772277;21.2871287128713;7.62376237623762;21.980198019802;3.46534653465347;4.65346534653465;3.56435643564356;9.7029702970297
Kaskinen;4.78128179043744;58.3926754832146;3.56052899287894;17.7009155645982;3.35707019328586;5.49338758901323;2.13631739572737;4.57782299084435
Kauhajoki;10.79820029995;26.4122646225629;6.58223629395101;23.1794700883186;6.13231128145309;5.93234460923179;8.3652724545909;12.5979003499417
Kauhava;13.278830670135;32.1070234113712;4.33543911804781;19.4475411866716;4.90523968784838;7.82856435030348;5.12820512820513;12.9691564474173
Kauniainen;0.267618198037467;5.12934879571811;2.31935771632471;23.8180196253345;11.1953612845674;8.51917930419268;15.1650312221231;33.586083853702
Kaustinen;20.7473508087005;12.7161182375906;5.63301728945901;26.0457334076966;9.92749581706637;7.5292805354155;6.52537646402677;10.8756274400446
Keitele;15.6433978132885;41.4634146341463;2.4390243902439;19.7645079899075;2.85954583683768;3.36417157275021;2.94365012615643;11.5222876366695
Kemi;1.06733941393363;23.4814671065399;6.28759945662721;26.7417038618281;10.343489229575;7.76246846497186;5.54046186687367;18.7754705996507
Keminmaa;4.22875553765606;18.8884414015304;13.6528393072896;29.6012887635924;8.61860652436569;4.26902939991945;6.60491341119613;14.1361256544503
Kempele;0.896511401286299;31.2999415318651;11.6351588384331;27.2071720912103;4.46306762814266;5.65191970376145;6.47047359189242;12.3757552134087
Kerava;0.16706234063132;16.6095137606612;10.3578651191418;36.1206365954454;8.48500835311703;10.4018288929922;5.60098478853425;12.2571001494768
Keuruu;6.25154435384235;19.5947615517667;6.37509266123054;23.7459846800099;5.97973807758834;14.5045712873734;6.57276995305164;16.9755374351371
Kihniö;14.0604467805519;31.1432325886991;4.86202365308804;19.4480946123522;3.54796320630749;6.04467805519054;4.86202365308804;16.0315374507227
Kinnula;28.9930555555556;5.38194444444444;6.42361111111111;15.625;8.33333333333333;13.7152777777778;7.11805555555556;14.4097222222222
Kirkkonummi;1.35596347200443;14.5466285398026;7.12111428834978;32.8475232912093;8.36638686468038;15.2661193616825;5.9127386772438;14.5835255050272
Kitee;13.7518370774722;23.8715095528029;9.48981734201134;22.5908041150535;3.77913079991602;6.82343061095948;6.9284064665127;12.7650640352719
Kittilä;8.0804248861912;3.5660091047041;8.23216995447648;45.7132018209408;4.81790591805766;12.4051593323217;5.72837632776935;11.4567526555387
Kiuruvesi;25.8054226475279;11.7703349282297;5.45454545454545;23.0940988835726;4.11483253588517;5.1993620414673;6.53907496012759;18.0223285486443
Kivijärvi;21.7270194986072;3.62116991643454;4.45682451253482;30.08356545961;2.78551532033426;10.3064066852368;6.12813370473538;20.891364902507
Kokemäki;9.34903047091413;24.4806094182825;7.34072022160665;23.718836565097;4.39750692520776;6.50969529085873;8.27562326869806;15.9279778393352
Kokkola;4.72263868065967;17.5612193903048;8.30084957521239;27.3913043478261;7.59620189905047;8.7456271864068;7.91604197901049;17.7661169415292
Kolari;8.35492227979275;4.01554404145078;5.31088082901554;42.4870466321244;6.47668393782383;16.2564766839378;4.14507772020725;12.9533678756477
Konnevesi;22.0902612826603;10.4513064133017;3.91923990498812;25.41567695962;5.58194774346793;4.51306413301663;7.83847980997625;20.1900237529691
Kontiolahti;6.47309536494406;19.1795418220565;11.2147043153969;13.9850825785828;4.68833244539158;15.7165689930741;7.43207245604688;21.3106020245072
Korsnäs;24.7434435575827;12.2006841505131;6.27137970353478;23.1470923603193;5.13112884834664;5.81527936145952;10.6043329532497;12.0866590649943
Hämeenkoski;32.4324324324324;3.08880308880309;5.79150579150579;20.4633204633205;3.47490347490348;7.91505791505791;4.24710424710425;22.5868725868726
Koski;21.7750257997936;15.9958720330237;11.5583075335397;24.4582043343653;4.02476780185759;4.54076367389061;6.6047471620227;11.0423116615067
Kotka;0.707635009310987;20.3558866128699;7.09290295882475;32.8574384440306;7.51913925098283;9.82826401820815;5.52451893234016;16.1142147734326
Kouvola;4.40778948529817;18.1938544712308;10.1671539692172;25.8343906879241;7.55778672698185;13.0385612622055;5.52214928007944;15.2783141170629
Kruunupyy;16.8217855911755;32.3681489141675;5.65322302654257;17.9593243709066;6.82523267838676;3.5849706997587;3.55049982764564;13.2368148914168
Kuhmo;16.09375;10.2500001;3.750001;28.90625;5.1875;14.15625;5.2500001;15.78125
Kuhmoinen;16.497461928934;16.497461928934;5.83756345177665;25.1269035532995;7.48730964467005;5.96446700507614;4.82233502538071;17.7664974619289
Kumlinge;12.7906976744186;1.16279069767442;3.48837209302326;40.6976744186046;5.81395348837209;9.30232558139535;6.97674418604651;19.7674418604651
Kuopio;2.94048958620836;8.34801808878792;8.86817689645655;25.7298146536167;12.1377465446593;11.3394620071761;9.41593596738923;21.2203562557058
Kuortane;18.3716075156576;21.9902574808629;9.11621433542102;19.3458594293667;4.10577592205985;5.08002783576896;10.5080027835769;11.482254697286
Kurikka;10.6794362125045;30.8095410191543;7.28225514998193;21.2685218648356;4.24647632815323;6.3606794362125;6.39681966028189;12.956270328876
Kustavi;13.109756097561;28.3536585365854;10.6707317073171;19.5121951219512;5.79268292682927;9.14634146341463;3.35365853658537;10.0609756097561
Kuusamo;8.92638036809816;8.35889570552147;9.73926380368098;33.5889570552147;7.42331288343558;12.898773006135;5.65950920245399;13.4049079754601
Outokumpu;5.53987297106563;36.5561044460127;6.88073394495413;16.5137614678899;7.65702187720536;7.12773465067043;7.16302046577276;12.5617501764291
Kyyjärvi;17.97583081571;31.4199395770393;3.02114803625378;27.0392749244713;2.26586102719033;3.47432024169184;3.02114803625378;11.7824773413897
Kärkölä;8.6442220200182;47.5432211101001;7.00636942675159;18.3803457688808;3.36669699727025;5.77797998180164;2.68425841674249;6.59690627843494
Kärsämäki;24.1063244729606;20.1649862511457;8.79926672777269;21.3565536205316;3.57470210815765;5.13290559120073;4.49129239230064;12.3739688359303
Kökar;8.10810810810811;0;5.40540540540541;25.6756756756757;2.7027027027027;21.6216216216216;9.45945945945946;27.027027027027
Köyliö;25.1819505094614;19.5050946142649;9.8981077147016;16.1572052401747;3.49344978165939;5.67685589519651;5.82241630276565;14.2649199417758
Kemijärvi;6.82213713887922;14.8973198746954;6.02158022972503;26.6272189349112;7.62269404803341;10.9293421510616;8.87573964497041;18.2039679777236
Kemiönsaari;9.41047235444892;21.6404247528378;5.85865983156353;25.4119370194068;5.71219333577444;6.22482607103625;8.05565726839985;17.6858293665324
Lahti;0.219016531536275;18.2752448141518;8.9038643782247;28.7648731178267;10.2853532694535;11.0856059808361;6.64420343266295;15.821838475308
Laihia;11.9293078055965;18.605792832597;9.13107511045655;21.9440353460972;4.81099656357388;9.32744231713304;7.11831124202258;17.1330387825233
Laitila;10.7646622123237;33.3085869834199;8.46325167037862;18.4607770353873;5.19673348181143;3.637713437268;7.64662212323682;12.5216530561742
Lapinlahti;19.1075514874142;24.570938215103;6.17848970251716;17.7345537757437;3.66132723112128;7.9233409610984;5.34897025171625;15.474828375286
Lappajärvi;19.53125;15.78125;11.875;21.09375;3.828125;5.078125;8.125;14.6875
Lappeenranta;2.66915339224019;18.1643073348213;8.49053719387287;27.8655945210505;9.34662304705415;11.1566331366374;7.53355550799523;14.7735958663283
Lapinjärvi;24.5544554455446;11.5841584158416;6.03960396039604;22.2772277227723;3.06930693069307;4.65346534653465;10.0990099009901;17.7227722772277
Lapua;10.5932203389831;24.6569814366425;7.46569814366425;21.4285714285714;6.57788539144471;7.22356739305892;8.15173527037934;13.9023405972559
Laukaa;6.39501980758348;20.5810224485946;8.60215053763441;22.184493491794;4.99905678173929;10.4885870590455;7.45142425957367;19.2982456140351
Lavia;25.9191176470588;11.2132352941176;16.1764705882353;20.7720588235294;4.77941176470588;5.88235294117647;8.63970588235294;6.61764705882353
Lemi;17.3841059602649;14.2384105960265;7.45033112582781;20.5298013245033;4.80132450331126;11.0927152317881;7.28476821192053;17.2185430463576
Lemland;6.6147859922179;2.33463035019455;16.7315175097276;27.6264591439689;6.22568093385214;5.83657587548638;7.78210116731517;26.8482490272374
Lempäälä;2.71660504742003;20.623693939881;12.8918180356856;31.2168461662112;5.70647805819;6.94422118630445;7.28178749397203;12.6185500723356
Leppävirta;11.9735258724428;30.8363417569194;7.12996389891697;20.3068592057762;3.12876052948255;4.96389891696751;6.67870036101083;14.9819494584838
Lestijärvi;36.8146214099217;20.1044386422977;2.61096605744125;13.3159268929504;1.82767624020888;9.39947780678851;3.91644908616188;12.0104438642298
Lieksa;11.4333254100309;20.4658901830283;5.11053006893273;24.9108628476349;5.37199904920371;10.4825291181364;7.60637033515569;14.6184929878773
Lieto;3.79576107899807;25.1637764932563;13.2369942196532;25.1830443159923;5.22157996146435;7.63005780346821;5.04816955684008;14.7206165703276
Liminka;10.827664399093;5.61224489795918;7.2562358276644;21.7687074829932;4.64852607709751;10.7709750566893;12.9251700680272;26.1904761904762
Liperi;16.2170354652925;8.45710821461049;9.2149136101849;19.9151257956957;4.5468323734465;6.72931191270082;8.15398605638072;26.7656865716884
Loimaa;11.1805461214509;23.5429968754245;8.15106643119141;20.3233256351039;6.23556581986143;8.00163021328624;6.09971471267491;16.4651541910067
Loppi;14.3459915611814;9.32958274730427;11.7674636661978;29.0201593999062;5.81340834505391;7.17299578059072;7.50117205813408;15.0492264416315
Loviisa;6.80053999325008;20.2159973000337;15.929800877489;23.9959500506244;5.73742828214647;9.11238609517381;5.48430644616942;12.7235909551131
Luhanka;31.8627450980392;2.94117647058824;14.7058823529412;19.1176470588235;5.88235294117647;7.35294117647059;6.37254901960784;11.7647058823529
Lumijoki;30.4157549234136;8.97155361050328;13.129102844639;17.9431072210066;7.4398249452954;5.47045951859956;5.25164113785558;11.3785557986871
Lumparland;27.9411764705882;2.94117647058824;4.41176470588235;27.9411764705882;1.47058823529412;11.7647058823529;7.35294117647059;16.1764705882353
Luoto;4.25985090521832;32.5878594249201;10.8626198083067;11.395101171459;5.43130990415335;5.3248136315229;13.7380191693291;16.4004259850905
Luumäki;18.8414634146341;15.4878048780488;9.26829268292683;26.0365853658537;6.21951219512195;6.15853658536585;4.02439024390244;13.9634146341463
Luvia;13.1909547738693;31.0301507537688;7.03517587939699;18.5929648241206;3.51758793969849;6.28140703517588;5.90452261306533;14.4472361809045
Lohja;3.13533234522859;21.8903203739596;9.6055181849276;25.9263481929084;6.91483297229506;8.98985292440999;6.94903659787937;16.5887584083913
Parainen;5.54941002949853;23.4328908554572;7.90929203539823;21.7367256637168;6.45280235988201;9.03392330383481;8.03834808259587;17.8466076696165
Maalahti;14.5844504021448;21.3404825737265;7.07774798927614;19.4101876675603;4.12868632707775;4.71849865951743;6.91689008042895;21.8230563002681
Maaninka;32.7018943170489;4.88534396809571;6.48055832502493;21.036889332004;6.9790628115653;4.08773678963111;5.38384845463609;18.444666001994
Maarianhamina;0.21844429670434;4.40687624655713;4.60632538702631;50.0142463671764;11.1881470225093;9.59255389875582;5.27115585525691;14.7022509260139
Marttila;25.8620689655172;10.0313479623824;11.4420062695925;23.1974921630094;7.21003134796238;7.05329153605016;1.72413793103448;13.4796238244514
Masku;6.81989449886963;14.1672946495855;16.2019593067069;30.4069329314243;4.59683496608892;5.4257724189902;4.74755086661643;17.6337603617182
Merijärvi;34.1296928327645;14.3344709897611;4.09556313993174;12.9692832764505;4.43686006825939;5.11945392491468;9.89761092150171;15.0170648464164
Merikarvia;14.2439024390244;24;9.36585365853658;19.609756097561;2.24390243902439;6.14634146341463;7.90243902439024;16.4878048780488
Miehikkälä;31.9604612850082;3.95387149917628;4.2833607907743;22.8995057660626;2.14168039538715;6.42504118616145;4.61285008237232;23.7232289950577
Mikkeli;4.48345541803486;15.2226993348489;7.69133619600909;25.8272290982571;9.01742864359687;11.2654710785552;8.12494737728383;18.3674328534142
Muhos;8.18965517241379;6.97492163009404;7.68025078369906;20.2194357366771;6.46551724137931;5.40752351097179;9.71786833855799;35.3448275862069
Multia;22.0512820512821;21.8803418803419;3.58974358974359;15.2136752136752;5.64102564102564;5.2991452991453;5.47008547008547;20.8547008547009
Muonio;4.74683544303798;1.16033755274262;6.22362869198312;33.6497890295359;17.7215189873418;16.1392405063291;7.17299578059072;13.1856540084388
Mustasaari;8.31270627062706;20.9777227722772;10.5816831683168;21.1221122112211;6.70379537953795;6.82755775577558;7.48762376237624;17.986798679868
Muurame;1.91513330829891;33.0829891100263;8.44911753661284;16.2974089372888;3.98047315058205;5.8580548253849;6.94705219677056;23.4697709350357
Mynämäki;18.1778169014085;15.625;9.81514084507042;21.4348591549296;6.5580985915493;6.5580985915493;6.51408450704225;15.3169014084507
Myrskylä;23.0215827338129;11.6906474820144;10.6115107913669;24.2805755395683;3.9568345323741;6.83453237410072;5.57553956834532;14.0287769784173
Mäntsälä;6.62264150943396;11.188679245283;12.3962264150943;30.4528301886792;6.62264150943396;7.22641509433962;9;16.4905660377358
Mäntyharju;15.2883325882879;21.4573088958426;10.683951721055;22.1278497988377;5.00670540902995;6.07957085382208;3.71032632990612;15.6459544032186
Mänttä-Vilppula;2.79605263157895;39.0213815789474;5.40707236842105;18.7294407894737;4.62582236842105;7.64802631578947;5.73601973684211;16.0361842105263
Naantali;3.49423045668779;25.5647651552088;11.2302941654477;24.4108564927678;6.25711035267349;10.6777181862506;5.42824638387778;12.936778807086
Nakkila;6.3230605738576;29.6493092454835;18.1190223166844;20.5632306057386;4.72901168969182;5.89798087141339;5.41976620616366;9.29861849096706
Nastola;2.99785867237687;47.5868884862461;7.01696590347554;16.1423159281832;3.06374567616538;5.20507329929171;6.20985010706638;11.7773019271949
Nivala;16.8738898756661;21.3143872113677;7.56153260593758;17.7112408018269;4.74498858157828;7.5869068764273;9.54072570413601;14.6663283430601
Nokia;1.19423355796298;40.6977736074384;4.74281327305297;18.6471039836219;5.51906508572891;10.2021666808837;3.66800307088629;15.3288407404248
Nousiainen;13.8863841298467;13.7962128043282;11.2714156898106;21.4607754733995;4.8692515779982;7.75473399458972;10.2795311091073;16.6816952209197
Nurmes;16.0642570281125;13.9892904953146;5.62248995983936;27.9451137884873;5.85676037483266;8.50066934404284;6.42570281124498;15.5957161981258
Nurmijärvi;2.8088355604036;16.9530042723389;11.0353604217798;28.9973638760113;7.24479592764294;8.66284883192437;9.49913644214162;14.7986546677575
Närpiö;24.7050968172713;19.4079679501447;4.80747829957712;23.1248608947251;5.85354996661473;4.91876251947474;4.82973514355664;12.3525484086357
Orimattila;11.8007662835249;22.3371647509579;13.7164750957854;19.1570881226054;4.54022988505747;7.72030651340996;5.13409961685824;15.5938697318008
Oripää;28.3333333333333;13.3333333333333;11.4583333333333;18.75;4.16666666666667;12.50001;1.875;9.58333333333333
Orivesi;11.8990794408456;16.5359699965905;9.34197067848619;26.7303102625298;5.72792362768496;8.01227412205932;7.19399931810433;14.5584725536993
Oulainen;8.71274156567311;15.7549950867999;10.0884376023583;19.7838191942352;3.93056010481494;5.33901080904029;7.14051752374713;29.2499181133311
Oulu;0.902350223168386;15.1403723101859;8.83601659550276;23.8892988037207;13.6804035174725;11.1487426366528;9.11905942689875;17.2837564863982
Padasjoki;16.9907881269191;17.2978505629478;7.26714431934493;24.1555783009212;4.91299897645855;7.67656090071648;5.32241555783009;16.3766632548618
Paimio;5.33083311009912;17.3854808465042;12.8850790249129;17.4122689525851;4.76828288240021;6.64345030806322;7.71497455129922;27.8596303241361
Paltamo;11.1111111111111;8.51254480286738;12.4551971326165;27.9569892473118;3.85304659498208;10.3942652329749;7.88530465949821;17.831541218638
Parikkala;23.2409381663113;8.2089552238806;10.2345415778252;24.1471215351812;4.42430703624733;8.04904051172708;4.53091684434968;17.1641791044776
Parkano;7.97399041752224;31.8275154004107;8.38466803559206;21.6974674880219;6.70773442847365;6.60506502395619;5.27036276522929;11.533196440794
Pelkosenniemi;9.42028985507246;0;14.975845410628;41.7874396135266;3.6231884057971;8.45410628019324;5.07246376811594;16.6666666666667
Perho;20.8722741433022;21.4953271028037;5.39979231568017;18.4839044652129;3.21910695742471;4.15368639667705;11.8380062305296;14.5379023883697
Pertunmaa;22.8197674418605;11.4825581395349;7.70348837209302;28.7790697674419;6.1046511627907;3.77906976744186;3.63372093023256;15.6976744186047
Petäjävesi;16.9354838709677;9.67741935483871;10.383064516129;24.4959677419355;6.2500001;8.36693548387097;8.46774193548387;15.4233870967742
Pieksämäki;7.10106382978723;15.9441489361702;8.96276595744681;23.2712765957447;5.1063829787234;9.9468085106383;7.43351063829787;22.2340425531915
Pielavesi;29.8280423280423;5.35714285714286;5.22486772486772;20.1719576719577;4.62962962962963;6.81216931216931;5.55555555555556;22.4206349206349
Pietarsaari;0.91734703238235;33.785891202642;4.7243372167691;22.2181451243005;8.54050087147968;8.09100082561233;6.25630676084763;15.4664709659664
Pedersören;15.2186098654709;35.0896860986547;8.23991031390135;14.9663677130045;2.91479820627803;3.36322869955157;8.54820627802691;11.6591928251121
Pihtipudas;23.5668789808917;12.4203821656051;6.81528662420382;22.1656050955414;4.96815286624204;8.02547770700637;6.68789808917197;15.3503184713376
Pirkkala;0.560672807368843;18.4221065278334;12.3948738486183;38.0857028434121;5.76692030436524;8.79054865839007;4.94593512214658;11.0332398878654
Polvijärvi;26.2122276879831;12.087139845397;8.29234012649332;19.6064652143359;6.1841180604357;7.51932536893886;5.41110330288124;14.6872803935348
Pomarkku;12.1160409556314;23.2081911262799;7.67918088737201;20.3071672354949;3.58361774744027;6.65529010238908;6.8259385665529;19.6245733788396
Pori;1.21172064331351;18.5062789160608;8.82903723287068;26.2447675699493;10.8338841154439;9.81769112139238;6.11368142762723;18.4429389733421
Pornainen;10.0867678958785;2.27765726681128;20.7158351409978;24.4034707158351;6.07375271149675;9.21908893709328;11.2798264642082;15.943600867679
Posio;22.2727272727273;15.6060606060606;5.68181818181818;23.5606060606061;3.10606060606061;8.25757575757576;5.45454545454545;16.0606060606061
Pudasjärvi;14.690632561355;15.7967507777394;7.15520221223643;26.477704804701;6.01451780159004;7.98479087452472;6.7749740753543;15.1054268924991
Pukkila;22.3529411764706;4.50980392156863;15.6862745098039;19.0196078431373;6.27450980392157;13.7254901960784;6.47058823529412;11.9607843137255
Punkalaidun;28.719723183391;15.8304498269896;12.4567474048443;18.4256055363322;3.28719723183391;5.79584775086505;5.79584775086505;9.68858131487889
Puolanka;24.4040862656073;4.99432463110102;6.46992054483541;24.4040862656073;5.788876276958;8.62656072644722;5.67536889897843;19.6367763904654
Puumala;23.5722964763062;5.34629404617254;7.04738760631835;29.0400972053463;3.76670716889429;6.68286755771567;9.96354799513973;14.5808019441069
Pyhtää;10.3281853281853;14.7683397683398;10.2316602316602;27.1235521235521;6.66023166023166;6.66023166023166;6.46718146718147;17.7606177606178
Pyhäjoki;18.7799043062201;19.9760765550239;8.49282296650718;16.2679425837321;7.6555023923445;5.74162679425837;7.41626794258373;15.6698564593301
Pyhäjärvi;15.7617290458619;20.2424881391671;5.79862941486558;21.3494992092778;3.79546652609383;7.27464417501318;6.11491829204006;19.6626251976805
Pyhäntä;10.0737100737101;52.3341523341523;4.79115479115479;11.7936117936118;1.22850122850123;5.03685503685504;5.28255528255528;9.45945945945946
Pyhäranta;9.06148867313916;48.0582524271845;5.8252427184466;14.8867313915858;6.14886731391586;4.85436893203883;3.55987055016181;7.60517799352751
Pälkäne;15.5844155844156;15.3679653679654;8.44155844155844;27.2727272727273;4.67532467532468;6.58008658008658;9.61038961038961;12.4675324675325
Pöytyä;17.9145299145299;21.7094017094017;8.58119658119658;17.1623931623932;4.85470085470085;5.4017094017094;6.42735042735043;17.9487179487179
Porvoo;1.76154363060382;23.8744360180474;9.37889987520399;25.8279735048478;9.44129787846789;9.29730248632044;7.1805702217529;13.2379763847557
Raahe;2.56692646560488;40.0118603863097;6.41308031175873;18.942731277533;5.94713656387665;7.42121314808539;6.03185360894612;12.6651982378855
Raisio;0.455085081123862;20.4392560348239;11.0803324099723;34.7150771666007;10.4669568658488;8.45864661654135;4.04629996042738;10.3383458646617
Rantasalmi;26.8292682926829;14.7865853658537;6.2500001;19.2835365853659;5.94512195121951;6.09756097560976;6.55487804878049;14.2530487804878
Ranua;22.4150943396226;7.47169811320755;4.90566037735849;24.7547169811321;3.39622641509434;8.75471698113208;11.4716981132075;16.8301886792453
Rauma;1.54539954902931;29.9180553264038;7.73799703019304;26.0518066325689;7.95248308859924;9.18990265632734;5.03767255128417;12.5666831655942
Rautalampi;22.2652468538238;14.3272023233301;5.22749273959342;22.6524685382381;4.74346563407551;5.13068731848984;4.84027105517909;20.8131655372701
Rautavaara;20.8409506398537;7.31261425959781;5.6672760511883;26.691042047532;2.55941499085923;7.6782449725777;6.58135283363803;22.6691042047532
Rautjärvi;10.0563153660499;36.8463395012068;2.81576830249397;17.8600160901046;6.75784392598552;7.16009654062751;4.98793242156074;13.515687851971
Reisjärvi;32.1253672869736;9.69637610186092;3.23212536728697;16.1606268364349;6.9539666993144;5.9745347698335;10.0881488736533;15.7688540646425
Riihimäki;0.655601659751037;16.6970954356846;8.49792531120332;33.49377593361;7.95850622406639;15.3609958506224;5.13692946058091;12.1991701244813
Ristijärvi;22.25;3.50001;3.7500001;21;5.2500001;13.25;3.7500001;27.25
Rovaniemi;2.53261087698174;5.81175998394541;9.51635560907084;25.9763194862533;10.2829620710415;17.3630343166767;9.68091511137869;18.8360425446518
Ruokolahti;17.1518489378442;8.89063729346971;7.31707317073171;26.2785208497246;3.6978756884343;5.82218725413061;11.3296616837136;19.5121951219512
Ruovesi;12.6392251815981;36.1743341404358;4.11622276029056;14.818401937046;6.77966101694915;5.08474576271186;4.8910411622276;15.4963680387409
Rusko;6.30985915492958;32.7323943661972;19.0422535211268;15.4366197183099;4.84507042253521;8.16901408450704;4.45070422535211;9.01408450704225
Rääkkylä;34.5013477088949;9.43396226415094;6.19946091644205;15.633423180593;3.50404312668464;6.33423180592992;5.12129380053908;19.2722371967655
Raasepori;4.36170212765957;15.2748226950355;9.61879432624113;25.2216312056738;6.52482269503546;9.27304964539007;9.01595744680851;20.709219858156
Saarijärvi;13.907469342252;17.5306577480491;6.74470457079153;23.4113712374582;5.40691192865106;7.85953177257525;8.13823857302118;17.0011148272018
Salla;15.6752411575563;2.89389067524116;4.7427652733119;23.1511254019293;6.27009646302251;21.3826366559486;6.5112540192926;19.3729903536977
Salo;5.12159034864752;36.7919875564323;5.8006752911719;21.1161273189423;5.39474183390872;7.57236617474108;4.80670738647141;13.3958040896847
Saltvik;14.1414141414141;30.8080808080808;9.09090909090909;19.4444444444444;2.52525252525253;5.80808080808081;3.53535353535354;14.6464646464646
Sauvo;29.9620733249052;9.60809102402023;7.71175726927939;23.1352718078382;4.67762326169406;5.56257901390645;5.43615676359039;13.9064475347661
Savitaipale;17.530487804878;8.15548780487805;5.48780487804878;26.905487804878;5.41158536585366;8.07926829268293;6.09756097560976;22.3323170731707
Savonlinna;6.8083116188949;18.012961849402;6.3740228502706;26.2778111846061;7.18914946215006;7.8439232979221;8.03768290238525;19.4561368343689
Savukoski;37.8172588832487;0.50761421319797;3.80710659898477;20.5583756345178;5.0761421319797;14.9746192893401;6.5989847715736;10.6598984771574
Seinäjoki;3.46771316446664;18.7584730645737;8.39457723867285;28.1091687477702;7.91651801641099;7.4848376739208;6.03995718872636;19.8287549054584
Sievi;13.6579060749677;51.6156828953037;5.60103403705299;10.9435588108574;1.3356311934511;3.5760448082723;4.8685911245153;8.40155105557949
Siikainen;24.5149911816578;28.9241622574956;9.70017636684303;14.6384479717813;1.58730158730159;3.7037037037037;3.88007054673721;13.0511463844797
Siikajoki;24.2477876106195;12.6253687315634;8.55457227138643;15.693215339233;5.78171091445428;7.31563421828909;9.55752212389381;16.2241887905605
Siilinjärvi;5.98877105427324;18.0754834684966;11.5408608858391;24.0018714909545;3.93013100436681;13.2252027448534;6.53462258265752;16.703056768559
Simo;17.8674351585014;3.02593659942363;9.36599423631124;23.342939481268;3.1700288184438;8.5014409221902;11.3832853025937;23.342939481268
Sipoo;3.89440179741621;16.1205766710354;11.8142669912001;25.6880733944954;7.99475753604194;8.57517318854147;7.3207264557199;18.5920239655495
Siuntio;8.66425992779783;5.84837545126354;11.4801444043321;34.1516245487365;7.43682310469314;7.94223826714801;7.87003610108303;16.6064981949458
Sodankylä;10.9417040358744;7.08520179372197;6.87593423019432;24.9626307922272;8.99850523168909;20.3587443946188;7.11509715994021;13.6621823617339
Soini;18.37899543379;21.4611872146119;6.7351598173516;27.5114155251142;5.13698630136986;6.27853881278539;4.10958904109589;10.3881278538813
Somero;16.6289958023894;16.3383919922506;8.39522118178883;24.0232483048111;7.5234097513723;6.87762350661931;4.74652889893445;15.466580561834
Sonkajärvi;23.9766081871345;12.0857699805068;7.86224821312541;18.3885640025991;4.41845354126056;12.6705653021442;4.67836257309941;15.91942820013
Sotkamo;11.1424903722721;15.3786906290116;12.5032092426187;26.0590500641849;7.31707317073171;8.65211810012837;7.36842105263158;11.5789473684211
Sottunga;42.1052631578947;0;5.26315789473684;13.1578947368421;2.63157894736842;18.4210526315789;13.1578947368421;5.26315789473684
Sulkava;23.469387755102;10.6575963718821;5.66893424036281;23.5827664399093;3.74149659863946;11.4512471655329;6.57596371882086;14.8526077097506
Sund;20.9090909090909;2.72727272727273;8.18181818181818;28.1818181818182;1.81818181818182;16.8181818181818;6.36363636363636;15
Suomussalmi;12.4126455906822;17.5707154742096;5.4242928452579;26.7886855241265;3.19467554076539;13.9767054908486;5.25790349417637;15.3743760399334
Suonenjoki;9.86481549141396;16.4413591523566;9.42637924735111;22.4333211545488;5.80928023383266;8.84179758860066;7.08805261234929;20.0949945195469
Sysmä;26.2199563000728;10.4879825200291;8.15731973780044;22.7967953386744;7.06482155863074;6.62782228696286;4.95265841223598;13.6926438455936
Säkylä;6.15727002967359;23.5905044510386;7.15875370919881;16.8768545994065;4.33976261127596;29.7848664688427;3.18991097922849;8.90207715133531
Vaala;19.8039215686275;7.45098039215686;10.2941176470588;23.6274509803922;2.94117647058824;9.50980392156863;6.37254901960784;20
Sastamala;8.91436835037703;26.9806838136556;5.94979857452743;22.5493234170024;5.99111662018387;7.30296456977585;6.73484144199979;15.576903212478
Siikalatva;25.6558470431303;12.1831925300133;5.6469542018675;19.2530013339262;4.13517118719431;8.62605602489996;7.73677189862161;16.7630057803468
Taipalsaari;10.6427818756586;3.89884088514225;11.9072708113804;24.6575342465753;3.79346680716544;8.53530031612223;8.42992623814542;28.1348788198103
Taivalkoski;14.5953757225434;14.1618497109827;5.70809248554913;24.7109826589595;3.90173410404624;11.9219653179191;11.271676300578;13.728323699422
Taivassalo;18.4115523465704;22.5631768953069;8.84476534296029;21.2996389891697;5.5956678700361;6.85920577617328;5.5956678700361;10.8303249097473
Tammela;15.2478448275862;24.1918103448276;8.89008620689655;17.8879310344828;1.88577586206897;5.54956896551724;13.5775862068966;12.7693965517241
Tampere;0.365572464679495;18.8194357103928;6.76895987926047;25.3192470548778;15.2341424558756;10.8120571835828;8.11721796000503;14.563367291326
Tarvasjoki;13.4991119005329;31.6163410301954;9.41385435168739;16.696269982238;3.55239786856128;5.68383658969805;6.21669626998224;13.3214920071048
