Alue,TP_A,TP_BC,TP_DEF,TP_GHUX,TP_JKLM,TP_NO,TP_P,TP_Q
Alajärvi,11.0368786745056,20.2565473009086,7.26884019241048,23.0892570817745,5.79903794762159,6.62747194013896,9.91448423303046,16.0074826296098
Alavieska,26.2025316455696,16.0759493670886,6.9620253164557,21.7721518987342,3.79746835443038,4.93670886075949,5.18987341772152,15.0632911392405
Alavus,11.3461538461538,16.0897435897436,5.72649572649573,31.517094017094,5.08547008547009,6.51709401709402,5.98290598290598,17.7350427350427
Asikkala,10.9521863506334,24.0702901512056,6.74295055169595,22.6399673069064,5.31262770739681,7.43767879035554,5.19002860645689,17.6542705353494
Askola,10.500000001,16.7142857142857,20.4285714285714,16.1428571428571,3.35714285714286,7.42857142857143,10.7857142857143,14.6428571428571
Aura,4.9438202247191,28.4644194756554,11.0861423220974,24.0449438202247,6.14232209737828,9.28838951310861,3.74531835205992,12.2846441947566
Akaa,3.84846662657847,27.5405892964522,7.77710964121066,25.9370615353778,4.2092603728202,11.1645620364803,5.43195029063941,14.091000200441
Brändö,23.5294117647059,0,11.7647058823529,31.6176470588235,8.08823529411765,8.08823529411765,5.14705882352941,11.7647058823529
Eckerö,14.6938775510204,0.816326530612245,14.2857142857143,36.3265306122449,2.44897959183673,6.12244897959184,7.75510204081633,17.5510204081633
Enonkoski,20.8520179372197,1.5695067264574,7.39910313901345,29.5964125560538,2.46636771300448,8.07174887892377,4.26008968609866,25.7847533632287
Enontekiö,14.3057503506311,3.50631136044881,7.15287517531557,37.1669004207574,5.890603085554,12.7629733520337,6.31136044880785,12.9032258064516
Espoo,0.140202716633815,11.8479542774199,6.36355389145011,29.972866650722,22.7944875590707,9.07771354110826,8.51195434339769,11.2912670201974
Eura,7.55287009063444,38.4818731117825,9.9131419939577,19.6563444108761,3.56873111782477,6.40105740181269,3.58761329305136,10.8383685800604
Eurajoki,5.40641312453393,8.27740492170022,44.9291573452647,12.1551081282625,6.04026845637584,11.0738255033557,4.28784489187174,7.82997762863535
Evijärvi,27.0157068062827,12.6701570680628,8.48167539267016,18.4293193717278,3.7696335078534,4.71204188481675,9.52879581151833,15.3926701570681
Finström,11.706102117061,21.0460772104608,8.96637608966376,22.4159402241594,6.60024906600249,3.36239103362391,11.9551681195517,13.947696139477
Forssa,2.09830744261535,25.5506607929515,8.88012984001855,27.1156967308138,8.55552979364711,8.69464409923487,5.73846510549502,13.3665661952237
Föglö,8.92018779342723,2.34741784037559,2.8169014084507,45.5399061032864,6.10328638497653,8.92018779342723,7.04225352112676,18.3098591549296
Geta,22.3021582733813,3.59712230215827,2.87769784172662,36.6906474820144,5.03597122302158,5.75539568345324,5.03597122302158,18.705035971223
Haapajärvi,11.2709030100334,19.1638795986622,7.55852842809365,19.5652173913043,4.51505016722408,13.9130434782609,7.79264214046823,16.2207357859532
Haapavesi,14.4539614561028,24.3397573162027,8.74375446109921,16.3097787294789,3.78301213418986,6.13847251962884,11.1705924339757,15.0606709493219
Hailuoto,18.8284518828452,1.25523012552301,6.69456066945607,24.2677824267782,6.69456066945607,14.6443514644351,5.43933054393305,22.1757322175732
Halsua,30.3769401330377,14.1906873614191,9.31263858093126,19.290465631929,1.77383592017738,5.32150776053215,6.43015521064302,13.3037694013304
Hamina,3.9405311778291,10.1760969976905,10.2338337182448,32.6501154734411,5.83140877598152,12.7742494226328,5.38394919168591,19.0098152424942
Hammarland,18.0555555555556,5.55555555555556,10.4166666666667,19.7916666666667,7.29166666666667,6.59722222222222,5.90277777777778,26.3888888888889
Hankasalmi,19.2257217847769,11.6141732283465,6.75853018372703,28.2808398950131,3.60892388451444,8.85826771653543,7.74278215223097,13.9107611548556
Hanko,0.255232261357836,30.6023481368045,6.53394589076059,34.1500765696784,3.52220520673813,8.98417559979581,3.80296069423175,12.149055640633
Harjavalta,1.33928571428571,35.1102941176471,5.80357142857143,18.8025210084034,4.20168067226891,6.30252100840336,3.38760504201681,25.0525210084034
Hartola,16.078753076292,16.3248564397047,8.03937653814602,25.9228876127974,4.84003281378179,5.9064807219032,6.89089417555373,15.9967186218212
Hattula,5.03997219325686,9.52380952380952,10.2884949600278,23.3576642335766,4.83142161974279,27.9805352798054,7.09071949947862,11.8873826903024
Hausjärvi,8.92707460184409,17.1416596814753,14.1659681475272,24.4341994970662,4.65213746856664,5.19698239731769,8.04694048616932,17.4350377200335
Heinävesi,12.4901806755695,17.5962293794187,7.22702278083268,25.2945797329144,2.98507462686567,5.65593087195601,5.10604870384917,23.6449332285939
Helsinki,0.125182989597397,4.42821893573767,5.51943181406705,29.0957339499371,25.0694455221217,15.2423221961855,6.41148993621875,14.1081746561347
Vantaa,0.294553573103694,12.3928256505506,8.5758240933566,45.8349749535656,8.34318305472693,12.3215324290351,3.60312189264742,8.63398435301401
Hirvensalmi,21.4939024390244,18.4451219512195,8.53658536585366,21.3414634146341,3.65853658536585,5.94512195121951,5.33536585365854,15.2439024390244
Hollola,5.01752150366359,24.1637464160561,8.37846447913348,24.9283211213762,5.71838165020707,8.53775087607518,5.92545396623128,17.3303599872571
Honkajoki,29.4642857142857,16.7091836734694,4.97448979591837,26.2755102040816,1.78571428571429,7.6530612244898,3.44387755102041,9.69387755102041
Huittinen,10.9050279329609,20.4022346368715,8.73743016759776,27.4413407821229,4.89385474860335,8.22346368715084,6.07821229050279,13.3184357541899
Humppila,15.5006858710562,15.0891632373114,9.60219478737997,28.8065843621399,3.42935528120713,8.23045267489712,4.25240054869685,15.0891632373114
Hyrynsalmi,17.1779141104294,2.45398773006135,7.66871165644172,28.8343558282209,5.21472392638037,12.4233128834356,6.28834355828221,19.9386503067485
Hyvinkää,0.58802474817201,18.3923914710845,10.8145421076852,28.2507542056553,7.79771948662883,9.06069438052871,5.52743263281689,19.5684409674285
Hämeenkyrö,8.87669464170433,18.8185926404132,8.97353131052292,22.7566171723693,4.64816010329245,6.68173014848289,9.65138799225307,19.5932859909619
Hämeenlinna,2.99100052938062,15.1832980412917,7.20619375330863,24.7220751720487,9.64465325569084,15.044335627316,6.23014822657491,18.9782953943886
Heinola,2.6546212647672,27.1021542738013,8.1862404447533,27.0187630298819,4.62821403752606,9.20083391243919,4.8227936066713,16.3863794301598
Ii,7.63293310463122,11.663807890223,12.7358490566038,23.7135506003431,4.03087478559177,11.7066895368782,6.98970840480274,21.5265866209262
Iisalmi,5.59536354056902,18.1770284510011,6.19599578503688,26.986301369863,7.08113804004215,8.52476290832455,7.47102212855637,19.968387776607
Iitti,12.417145382236,25.2761820592134,8.92620415377817,22.0945647370747,2.43040212107821,6.84931506849315,5.03756076005303,16.9686257180734
Ikaalinen,9.97884344146686,15.0211565585331,8.60366713681241,22.425952045134,7.7574047954866,9.69675599435825,8.70944992947814,17.8067700987306
Ilmajoki,13.2374523040798,11.3589668329909,7.95421191664221,23.4223657176402,5.2245377164661,9.0402113296155,12.0633988846493,17.6988552979161
Ilomantsi,14.7090517241379,10.3987068965517,6.46551724137931,24.8383620689655,4.41810344827586,8.4051724137931,5.06465517241379,25.7004310344828
Inari,7.34278444202108,1.56306797528172,6.79752817157397,39.0403489640131,6.57942566339513,18.5023627771719,8.10614322064704,12.068338785896
Inkoo,9.08396946564885,9.9236641221374,20.2290076335878,26.030534351145,6.79389312977099,8.85496183206107,7.25190839694656,11.8320610687023
Isojoki,25.7438551099612,16.4294954721863,5.5627425614489,21.3454075032342,3.23415265200517,5.30401034928849,4.91591203104787,17.4644243208279
Isokyrö,18.4305255579554,11.3030957523398,8.92728581713463,27.7897768178546,4.24766018718503,5.90352771778258,6.69546436285097,16.702663786897
Imatra,0.841750841750842,25.7044125465178,7.93903951798689,27.1929824561403,6.72514619883041,11.8022328548644,6.76058833953571,13.0338472443736
Jalasjärvi,19.421768707483,21.2925170068027,6.08843537414966,21.2585034013605,3.53741496598639,5.57823129251701,8.19727891156463,14.6258503401361
Janakkala,5.24948989055834,25.5054720831015,9.23761825264329,23.6876275273604,4.17362270450751,7.16008161751067,8.90372843628269,16.0823594880356
Joensuu,2.18235453478222,13.4282532133289,7.54944161825351,26.2695283104061,10.4421901809097,11.4505884831883,9.72878600884982,18.9488576502814
Jokioinen,8.01665799062988,18.1155648099948,8.43310775637689,14.2113482561166,26.9130661114003,4.78917230609058,4.5288912024987,14.9921915668922
Jomala,4.49859418931584,9.09090909090909,16.2136832239925,41.9868791002812,4.26429240862231,3.93626991565136,7.91940018744142,12.0899718837863
Joroinen,26.4150943396226,15.1572327044025,7.67295597484277,17.2955974842767,3.9622641509434,8.80503144654088,5.59748427672956,15.0943396226415
Joutsa,15.1041666666667,10.0260416666667,13.28125,23.3072916666667,3.84114583333333,8.7890625,5.92447916666667,19.7265625
Juankoski,16.3384779137839,24.587546567323,6.22671633847791,17.6689728579031,2.98030867482704,5.37519957424162,8.08940926024481,18.7333688131985
Juuka,12.7853881278539,27.3401826484018,5.42237442922374,19.634703196347,3.42465753424658,9.41780821917808,5.65068493150685,16.324200913242
Juupajoki,12.9032258064516,24.6451612903226,13.5483870967742,21.2903225806452,4.51612903225806,8.12903225806452,3.61290322580645,11.3548387096774
Juva,20.8030756087142,12.2170012815036,7.6035882101666,26.7834258863733,4.14352840666382,8.4579239641179,4.91243058521999,15.0790260572405
Jyväskylä,0.84034979356978,11.1797405806053,7.47374922791847,24.9845583693638,13.7593056142518,13.8340756152271,10.6839829654433,17.2442378336205
Jämijärvi,22.7953410981697,11.8136439267887,15.8069883527454,18.801996672213,2.82861896838602,6.32279534109817,5.65723793677205,15.973377703827
Jämsä,4.13631022326674,28.695652173913,6.63924794359577,23.5370152761457,4.73560517038778,10.5052878965922,6.22796709753232,15.5229142185664
Järvenpää,0.0801796023091726,16.8056446440026,7.43264913406029,26.355035279025,8.61128928800513,16.6853752405388,10.2950609364978,13.7347658755613
Kaarina,1.66989872872226,21.590174531351,8.42490842490843,26.642964878259,9.97629821159233,8.8127558715794,6.24865330747684,16.6343460461108
Kaavi,12.6153846153846,21.7435897435897,6.56410256410256,24.8205128205128,3.79487179487179,6.56410256410256,3.38461538461538,20.5128205128205
Kajaani,2.76524060771725,7.57103807768101,7.92702307545611,26.8132985824169,8.53728307164198,17.0618523933634,8.2003686987477,21.1238954929757
Kalajoki,16.7374681393373,20.9005947323704,9.38827527612574,22.8971962616822,4.54545454545455,5.60747663551402,7.34919286321156,12.5743415463042
Kangasala,4.55969369996519,20.0835363731291,8.99176238542754,23.6686390532544,6.9845689755192,7.66910314421627,6.07959159995359,21.9631047685346
Kangasniemi,17.1381031613977,14.5313366611204,9.31780366056572,25.5684969495286,5.37992235163616,5.87909040488075,4.82529118136439,17.3599556295064
Kankaanpää,4.71750885698303,17.5461495431661,7.45851202685064,23.6248368450494,6.88047734476972,14.2644042513519,8.18571694946858,17.3223941823606
Kannonkoski,17.1232876712329,15.7534246575342,5.70776255707763,24.4292237442922,3.88127853881279,13.6986301369863,5.25114155251142,14.1552511415525
Kannus,13.5363790186125,21.2774957698816,7.44500846023689,24.492385786802,5.11844331641286,7.86802030456853,7.31810490693739,12.9441624365482
Karijoki,26.6798418972332,18.7747035573123,14.0316205533597,16.403162055336,4.54545454545455,4.34782608695652,1.97628458498024,13.2411067193676
Karkkila,2.70994639666468,35.2293031566409,7.50446694460989,24.2108397855867,6.96843359142347,7.41512805241215,3.84157236450268,12.1203097081596
Karstula,16.2574651625747,18.978102189781,7.36562707365627,21.5660252156603,5.04313205043132,6.43662906436629,5.37491705374917,18.978102189781
Karvia,28.3256880733945,16.743119266055,12.7293577981651,20.8715596330275,2.98165137614679,5.38990825688073,4.81651376146789,8.14220183486239
Kaskinen,3.98613518197574,40.0346620450607,5.54592720970537,21.4904679376083,5.54592720970537,10.7452339688042,4.33275563258232,8.31889081455806
Kauhajoki,9.81956974323387,20.558639833449,6.43650242886884,26.439972241499,7.37335183900069,5.15267175572519,8.5704371963914,15.6488549618321
Kauhava,12.436138746975,28.354396343103,4.71901048668997,20.637268082818,4.67867706372681,8.65824146275881,4.90723312718473,15.6090346867437
Kauniainen,0.262927256792287,4.55740578439965,1.35845749342682,23.0499561787905,10.8238387379492,9.59684487291849,16.9588080631025,33.3917616126205
Kaustinen,19.1679831490258,12.3222748815166,5.68720379146919,28.2780410742496,9.26803580832017,7.74091627172196,6.68773038441285,10.8478146392838
Keitele,15.5124653739612,34.7183748845799,1.84672206832872,22.0683287165282,3.13942751615882,2.86241920590951,3.8781163434903,15.9741458910434
Kemi,0.599250936329588,19.4007490636704,7.64044943820225,26.3991439272338,7.9079721776351,9.28838951310861,6.64526484751204,22.1187800963082
Keminmaa,4.02414486921529,21.8913480885312,10.784708249497,27.4044265593561,6.72032193158954,4.42655935613682,7.56539235412475,17.1830985915493
Kempele,1.0436799381523,17.5106300734441,15.1333591032083,31.6582914572864,6.10746037881716,6.10746037881716,7.84692694240433,14.5921917278701
Kerava,0.191831188554072,14.7070577891456,8.84022060586684,38.414195507953,7.50539525217808,12.8846614978819,5.26736471904724,12.1892734393734
Keuruu,5.87925125230688,16.9259161613499,6.85473240179278,24.8879514895861,6.01107302926443,14.4213023991563,7.14474031109939,17.8750329554442
Kihniö,14.4444444444444,28.3333333333333,4.44444444444444,19.4444444444444,2.500000001,7.77777777777778,6.80555555555556,16.25
Kinnula,23.5976789168279,2.12765957446809,6.96324951644101,17.4081237911025,10.0580270793037,12.9593810444874,7.73694390715667,19.1489361702128
Kirkkonummi,1.29124820659971,10.8500717360115,7.39777618364419,28.2281205164993,14.0154232424677,15.450143472023,7.19153515064562,15.575681492109
Kitee,12.8070593846888,18.2685428094443,9.92129740042929,24.3501073217267,4.26901979489626,7.58406868590508,6.63009778201765,16.169806820892
Kittilä,6.29547611515343,13.9829167984815,7.62416956659285,42.4232837709586,3.82790256248023,11.6418854792787,3.6380892122746,10.5662764947801
Kiuruvesi,25.0873515024458,10.9364081062194,5.80013976240391,22.7812718378756,4.05310971348707,5.83508036338225,6.11460517120894,19.3920335429769
Kivijärvi,17.8470254957507,2.54957507082153,7.36543909348442,30.3116147308782,3.39943342776204,11.3314447592068,5.6657223796034,21.5297450424929
Kokemäki,8.7966488956588,19.3450114242193,7.1972581873572,24.7143945163747,4.3031226199543,6.3975628332064,10.7006854531607,18.5453160700685
Kokkola,4.009095852489,15.7002323397103,7.09377626180236,27.9549162094023,7.88966335458995,9.03158831380691,8.27524840575412,20.045479262445
Kolari,5.30355896720167,3.69853454291696,6.90858339148639,45.3593859036985,7.18771807397069,12.0725750174459,4.74528960223308,14.7243545010468
Konnevesi,20,5.47619047619048,6.19047619047619,29.2857142857143,6.07142857142857,7.14285714285714,7.14285714285714,18.6904761904762
Kontiolahti,6.02345415778252,18.1769722814499,8.71535181236674,15.9115138592751,4.2910447761194,15.7782515991471,7.6226012793177,23.4808102345416
Korsnäs,24.3510506798517,9.39431396786156,6.18046971569839,27.3176761433869,4.94437577255871,5.68603213844252,7.41656365883807,14.7095179233622
Hämeenkoski,26.7045454545455,4.54545454545455,7.1969696969697,20.8333333333333,4.35606060606061,10.2272727272727,5.11363636363636,21.0227272727273
Koski,18.5185185185185,18.1917211328976,11.5468409586057,24.0740740740741,3.92156862745098,5.22875816993464,6.64488017429194,11.8736383442266
Kotka,0.70214175314639,15.4559505409583,6.67255464782513,33.8882755575182,7.48951203356149,11.2872598807684,5.59505409582689,18.9092514903952
Kouvola,3.56196205736069,13.0982517794919,8.57729993745719,27.9745063585192,7.56470202817405,15.9484170712095,5.78074277034875,17.4941179974387
Kruunupyy,14.8091603053435,29.3511450381679,7.67175572519084,19.0458015267176,3.96946564885496,4.50381679389313,6.22137404580153,14.4274809160305
Kuhmo,14.5614629190654,10.6332543176431,4.36843887571961,27.0572299356587,4.16525567219777,16.5255672197765,5.48594649508974,17.2028445648493
Kuhmoinen,15.3958944281525,15.1026392961877,6.59824046920821,28.2991202346041,7.77126099706745,6.74486803519062,6.01173020527859,14.0762463343109
Kumlinge,9.41176470588235,0,3.52941176470588,32.9411764705882,7.05882352941176,12.9411764705882,10.5882352941176,23.5294117647059
Kuopio,2.45649534601376,6.99514366653177,8.23553217320923,26.8271954674221,11.7300687980575,12.0457304734925,9.20882233913395,22.5010117361392
Kuortane,15.327380952381,16.2946428571429,8.40773809523809,23.5119047619048,4.98511904761905,6.39880952380952,10.639880952381,14.4345238095238
Kurikka,10.0102354145343,23.6438075742068,7.79938587512794,23.0296827021494,4.87205731832139,7.16479017400205,6.83725690890481,16.6427840327533
Kustavi,9.62732919254658,30.1242236024845,11.4906832298137,23.9130434782609,4.03726708074534,10.2484472049689,2.17391304347826,8.38509316770186
Kuusamo,7.62860328077719,8.18601688166906,9.69899665551839,32.6325848064979,8.48861283643892,13.1868131868132,5.57413600891862,14.6042363433668
Outokumpu,5.34719643520238,38.1359079093947,5.8670627552915,15.1875232083179,7.94652803564798,7.83512810991459,7.27812848124768,12.4025250649833
Kyyjärvi,15.6133828996283,28.996282527881,3.90334572490706,25.8364312267658,3.15985130111524,4.46096654275093,4.08921933085502,13.9405204460967
Kärkölä,8.55732309380143,39.7147558968733,6.91168403730115,22.0515633571037,2.85244103126714,5.26604498080088,3.73011519473395,10.9160724081185
Kärsämäki,28.5880980163361,4.66744457409568,10.2683780630105,25.2042007001167,5.60093348891482,4.20070011668611,5.950991831972,15.5192532088681
Kökar,7.14285714285714,0,4.28571428571429,30,0,21.4285714285714,10,27.1428571428571
Köyliö,21.2025316455696,17.879746835443,13.4493670886076,16.2974683544304,4.90506329113924,5.22151898734177,6.80379746835443,14.2405063291139
Kemijärvi,7.77310924369748,4.15966386554622,7.05882352941176,26.5546218487395,7.73109243697479,13.9915966386555,10.546218487395,22.1848739495798
Kemiönsaari,8.44425956738769,13.3943427620632,7.32113144758735,28.9517470881864,7.15474209650582,9.94176372712146,8.48585690515807,16.30615640599
Lahti,0.242609972546766,14.0415842005576,8.48283640852114,28.666283598289,10.2343101576965,12.507182532082,7.35278469429015,18.4724084360169
Laihia,9.3717277486911,15.6020942408377,9.73821989528796,22.7748691099476,5.44502617801047,8.79581151832461,8.1151832460733,20.1570680628272
Laitila,9.48847071296051,32.3615160349854,7.95123244102836,19.1624701828783,5.61887092499337,4.24065730188179,7.50066260270342,13.6761197985688
Lapinlahti,19.5693476884104,20.4559848005066,5.09816339455351,17.9860671310956,5.25649145028499,6.26979100696643,6.30145661811273,19.0626979100697
Lappajärvi,20.4840103716508,13.1374243733794,8.21089023336214,22.0397579948142,4.92653414001729,4.23509075194468,8.64304235090752,18.3232497839239
Lappeenranta,2.19023009720684,15.2454780361757,8.29641934293097,27.839301095115,9.23464993232435,13.4397686723268,7.51814937861449,16.2360034453058
Lapinjärvi,23.4984193888303,8.21917808219178,7.58693361433087,25.5005268703899,2.73972602739726,5.79557428872497,9.90516332982086,16.754478398314
Lapua,9.65600482800241,21.9271776302555,7.26212029772682,22.8525447596057,6.55803661235164,7.36270368135184,8.42888754777711,15.952524642929
Laukaa,5.06535947712418,17.0660856935367,8.40595497458242,28.5584604212055,5.01089324618736,8.51488743645606,7.62527233115468,19.7530864197531
Lavia,20.2578268876611,9.39226519337017,13.0755064456722,21.5469613259669,5.52486187845304,5.34069981583794,7.73480662983425,17.1270718232044
Lemi,14.2857142857143,10.2040816326531,10.7142857142857,22.108843537415,4.93197278911565,9.69387755102041,7.99319727891156,20.0680272108844
Lemland,4.79452054794521,1.36986301369863,16.4383561643836,23.2876712328767,5.82191780821918,9.24657534246575,8.9041095890411,30.1369863013699
Lempäälä,2.25743758409329,15.6675138286739,12.8120795335626,34.2951113768874,5.84541785020182,7.08626102556436,7.28060995664524,14.7555688443714
Leppävirta,10.2391377568205,24.1832266756484,7.10676995621421,23.7453688110475,5.08588750421017,6.43314247221287,5.55742674301112,17.6490400808353
Lestijärvi,47.2843450479233,3.83386581469649,6.70926517571885,9.90415335463259,2.87539936102236,14.0575079872204,5.43130990415335,9.90415335463259
Lieksa,10.0593242197575,17.6167139540882,5.4681454733041,23.1880319834924,5.67449058550426,12.5096724271344,7.1962857879804,18.2873355687387
Lieto,3.29751759911078,19.4701741385698,11.3931085587255,29.807336050389,4.81659874027418,8.79955539088551,5.61319007039644,16.8025194516488
Liminka,8.54460093896714,5.82159624413146,7.41784037558685,22.4882629107981,4.92957746478873,11.3615023474178,13.4272300469484,26.0093896713615
Liperi,13.1459398069279,9.51164111300398,10.5905735377626,19.1936399772856,5.02555366269165,6.87109596819989,7.04145371947757,28.6201022146508
Loimaa,10.2256498143388,21.0511282490717,7.38360468437589,21.950871179663,6.92659240217081,10.5255641245358,6.71236789488718,15.2242216509569
Loppi,10.799819249887,9.03750564844103,11.2968820605513,30.0948938093086,5.06100316312698,11.0257568910981,6.37144148215093,16.3126976954361
Loviisa,5.91098748261474,16.7246175243394,16.5159944367177,26.4603616133519,4.98956884561892,9.80528511821975,5.75452016689847,13.8386648122392
Luhanka,26.2295081967213,2.73224043715847,17.4863387978142,19.672131147541,4.91803278688525,6.01092896174863,7.65027322404372,15.3005464480874
Lumijoki,19.2982456140351,6.62768031189084,15.3996101364522,21.2475633528265,7.99220272904483,6.4327485380117,6.23781676413255,16.7641325536062
Lumparland,22.8915662650602,4.81927710843374,4.81927710843374,33.7349397590361,0,9.63855421686747,8.43373493975904,15.6626506024096
Luoto,3.61570247933884,20.9710743801653,13.1198347107438,15.2892561983471,5.78512396694215,6.92148760330578,11.0537190082645,23.2438016528926
Luumäki,18.6941580756014,12.5085910652921,6.39175257731959,28.5910652920962,5.97938144329897,7.90378006872852,5.15463917525773,14.7766323024055
Luvia,9.43396226415094,24.0928882438316,12.1915820029028,18.4325108853411,6.67634252539913,6.24092888243832,8.41799709724238,14.5137880986938
Lohja,2.66547937073316,18.5396260017809,8.32888097358266,26.4232710002968,6.6073018699911,9.87236568714752,7.50964677945978,20.053428317008
Parainen,4.759289767527,21.1422295442065,7.99926780157423,22.4601867105986,6.46165110745012,8.34706205381658,8.5667215815486,20.2635914332784
Maalahti,11.8581259925887,17.15193223928,10.9052408681842,19.0577024880889,4.07623080995236,6.35256749602965,8.15246161990471,22.4457384859714
Maaninka,30.8533916849015,4.37636761487965,5.25164113785558,20.2407002188184,7.11159737417943,5.79868708971554,5.68927789934355,20.6783369803063
Maarianhamina,0.219210840972499,3.7365484256676,5.01195695496214,42.6763650856915,13.0231167795935,10.8708648864089,5.84894380231168,18.6129932243922
Marttila,23.3511586452763,8.9126559714795,11.4081996434938,21.0338680926916,9.09090909090909,6.06060606060606,2.31729055258467,17.825311942959
Masku,5.83657587548638,8.75486381322957,17.5097276264591,26.5758754863813,5.68093385214008,8.44357976653697,6.34241245136187,20.8560311284047
Merijärvi,34.4398340248963,8.29875518672199,9.12863070539419,15.7676348547718,1.6597510373444,4.9792531120332,12.8630705394191,12.8630705394191
Merikarvia,12.9337539432177,24.5005257623554,9.67402733964248,21.8717139852787,2.62881177707676,5.88853838065195,6.30914826498423,16.1934805467928
Miehikkälä,28.8256227758007,3.20284697508897,4.09252669039146,22.4199288256228,2.84697508896797,8.18505338078292,3.55871886120996,26.8683274021352
Mikkeli,3.78886290811466,12.9297653070061,7.27461678358015,27.0070148090413,9.02831904390751,12.1416818221183,8.08002078461938,19.7497185416125
Muhos,8.714859437751,3.53413654618474,8.03212851405623,18.9156626506024,4.45783132530121,6.18473895582329,14.3373493975904,35.8232931726908
Multia,22.7272727272727,20.4545454545455,5.51948051948052,14.6103896103896,4.22077922077922,5.84415584415584,3.57142857142857,23.0519480519481
Muonio,3.43392299687825,0.936524453694069,6.24349635796046,34.5473465140479,17.3777315296566,14.4640998959417,6.45161290322581,16.5452653485952
Mustasaari,6.37920850561134,17.1490450876157,11.0061035636936,22.7013191573144,5.96574128765505,8.86001181334908,7.46209883835401,20.4764717464068
Muurame,1.76029962546816,29.7752808988764,8.83895131086142,19.2134831460674,4.34456928838951,7.94007490636704,8.16479400749064,19.9625468164794
Mynämäki,15.6946420104315,13.466097676624,8.81934566145092,24.0872451398767,4.97866287339972,8.39260312944523,6.92271218587008,17.6386913229018
Myrskylä,22.7897838899804,11.9842829076621,8.84086444007858,22.9862475442043,6.09037328094303,8.44793713163065,5.50098231827112,13.3595284872299
Mäntsälä,5.42056074766355,5.87935429056924,12.625318606627,33.7128292268479,6.20220900594732,9.41376380628717,8.41121495327103,18.3347493627867
Mäntyharju,12.6760563380282,22.0981058766391,9.76202039825158,21.7095677513356,5.14813016027198,4.90529383195726,5.14813016027198,18.5526954832443
Mänttä-Vilppula,2.98196948682386,30.8830328247804,5.80212667591308,20.2265372168285,4.5538603791031,8.25242718446602,6.51872399445215,20.7813222376329
Naantali,2.74971012092099,19.7117773728673,11.2473082656949,28.2425045552427,8.2160013251615,10.1540500248468,5.64850091104853,14.0301474242173
Nakkila,5.84577114427861,27.6119402985075,12.7487562189055,22.4502487562189,5.09950248756219,6.03233830845771,6.40547263681592,13.8059701492537
Nastola,3.0500671398427,42.5474774601957,6.36869365048916,17.1494341070401,3.0500671398427,5.83157490888164,8.61308267792058,13.3896029157875
Nivala,15.3047989623865,19.8443579766537,9.05317769130999,18.7029831387808,6.01815823605707,4.28015564202335,10.9208819714656,15.875486381323
Nokia,0.958148784235741,32.595136942963,5.54099249751424,22.5164964295399,6.30931935279761,14.0468227424749,3.85971255536473,14.1733706951098
Nousiainen,11.6257947320618,4.81380563124432,9.62761126248865,29.0644868301544,8.26521344232516,10.535876475931,7.811080835604,18.2561307901907
Nurmes,15.8650634602538,14.4622578490314,5.97862391449566,26.2191048764195,6.37942551770207,5.57782231128925,5.51102204408818,20.0066800267201
Nurmijärvi,2.07107944660757,13.9507911523486,11.0761328804573,32.0520255156988,7.14936624968934,9.95774997928921,9.04647502278187,14.6963797531273
Närpiö,22.9103608847497,17.6717112922002,5.54132712456345,24.3538998835856,5.91385331781141,5.58789289871944,4.9825378346915,13.0384167636787
Orimattila,10.0440176070428,17.6470588235294,14.8259303721489,24.5698279311725,5.00200080032013,7.38295318127251,4.76190476190476,15.766306522609
Oripää,28.7305122494432,10.6904231625835,13.1403118040089,21.826280623608,3.11804008908686,11.5812917594655,0,10.913140311804
Orivesi,9.76711852624261,13.2082029892249,9.7323600973236,28.7452207160236,5.52659019812304,8.79388251651025,7.64685436218283,16.5797705943691
Oulainen,8.03602355386214,12.1925874610322,8.93661240041566,19.7783165916176,4.26047800484932,5.50744717700035,8.52095600969865,32.7675788015241
Oulu,0.899314582840936,11.0387615220988,8.19546206570551,24.3653982510045,14.657291420468,12.1661545733869,9.27085795320255,19.4067596312928
Padasjoki,13.6971046770601,15.7015590200445,8.01781737193764,27.28285077951,4.12026726057906,5.23385300668151,5.23385300668151,20.7126948775056
Paimio,5.6349873843566,12.699747687132,10.1485842444631,20.2971684889263,4.90608354359406,5.13036164844407,7.84973366975049,33.3333333333333
Paltamo,9.51199338296112,4.88006617038875,12.6550868486352,41.2737799834574,3.39123242349049,7.44416873449132,6.5343258891646,14.3093465674111
Parikkala,20.4848484848485,6.06060606060606,11.6363636363636,26.6060606060606,4,8.96969696969697,4.78787878787879,17.4545454545455
Parkano,7.19215401380312,26.3712313839448,9.26262259353433,24.3370868143843,5.92081365782782,6.61096985107156,5.48492553577915,14.8201961496549
Pelkosenniemi,3.37662337662338,0,10.9090909090909,38.4415584415584,2.07792207792208,17.4025974025974,4.41558441558442,23.3766233766234
Perho,18.9189189189189,16.2162162162162,6.70670670670671,19.5195195195195,3.6036036036036,6.30630630630631,12.2122122122122,16.5165165165165
Pertunmaa,19.478527607362,11.8098159509202,8.89570552147239,28.680981595092,6.13496932515337,6.13496932515337,4.60122699386503,14.2638036809816
Petäjävesi,14.6176185866409,7.84123910939013,10.7454017424976,21.1035818005808,7.26040658276863,8.71248789932236,9.19651500484027,20.5227492739593
Pieksämäki,6.09921387910003,14.8685280563838,7.63079425318514,22.4044456492274,6.39739766874492,8.55245323936026,8.34914611005693,25.6980211439414
Pielavesi,25.9156876295784,7.39460953697305,3.87007601935038,18.728403593642,4.76848652384243,9.60608154803041,4.56116102280581,25.1554941257775
Pietarsaari,1.04303702311596,28.5190753617741,7.00996053373426,22.4393910919,7.56436760007517,7.04754745348619,7.27306897199774,19.1035519639166
Pedersören,13.0720606826802,30.9734513274336,9.65865992414665,17.8508217446271,2.85714285714286,2.57901390644753,8.14159292035398,14.8672566371681
Pihtipudas,21.1693548387097,9.87903225806452,4.90591397849462,25.5376344086022,6.85483870967742,8.80376344086022,5.77956989247312,17.0698924731183
Pirkkala,0.448671931083991,15.2907394113424,11.4860014357502,39.7882268485284,7.10696338837042,8.29145728643216,5.56353194544149,12.024407753051
Polvijärvi,22.5185185185185,12.8148148148148,9.11111111111111,18.4444444444444,6.07407407407407,8.51851851851852,5.62962962962963,16.8888888888889
Pomarkku,9.07441016333938,20.1451905626134,12.7041742286751,21.0526315789474,4.90018148820327,6.35208711433757,7.44101633393829,18.3303085299456
Pori,1.18824614868454,15.8917437861716,8.05211507814466,28.1879945200883,10.0287974948975,11.1163922051053,5.96918947633293,19.5655212905751
Pornainen,8.99315738025415,1.27077223851417,22.2873900293255,24.5356793743891,5.37634408602151,12.1212121212121,10.752688172043,14.6627565982405
Posio,22.0837043633126,11.6651825467498,5.69902048085485,21.4603739982191,4.09617097061443,10.1513802315227,4.54140694568121,20.3027604630454
Pudasjärvi,13.9356814701378,12.4808575803982,8.00153139356815,26.3782542113323,4.21133231240429,8.19295558958652,7.35068912710567,19.4486983154671
Pukkila,17.8861788617886,4.8780487804878,19.1056910569106,26.6260162601626,5.48780487804878,10.3658536585366,6.50406504065041,9.14634146341463
Punkalaidun,26.2108262108262,15.6695156695157,8.83190883190883,17.7587844254511,2.65906932573599,9.59164292497626,6.26780626780627,13.0104463437797
Puolanka,22.6176808266361,2.75545350172216,5.97014925373134,26.0619977037887,5.51090700344432,11.7106773823192,6.19977037887486,19.1733639494834
Puumala,19.9726402188782,6.15595075239398,6.56634746922025,29.1381668946648,2.87277701778386,8.48153214774282,8.61833105335157,18.1942544459644
Pyhtää,7.64087870105062,11.5568290353391,12.1298949379179,28.6532951289398,7.44985673352436,8.97803247373448,6.97230181470869,16.6189111747851
Pyhäjoki,13.4131736526946,17.9640718562874,9.82035928143713,17.125748502994,6.94610778443114,5.50898203592814,7.66467065868263,21.5568862275449
Pyhäjärvi,13.6993603411514,16.7910447761194,6.28997867803838,23.8272921108742,3.14498933901919,10.8742004264392,4.85074626865672,20.5223880597015
Pyhäntä,10.1388888888889,50.9722222222222,5.83333333333333,10,25.2000001,4.44444444444444,5.41666666666667,11.9444444444444
Pyhäranta,7.00179533213645,42.3698384201077,7.00179533213645,22.9802513464991,3.94973070017953,3.59066427289048,4.30879712746858,8.79712746858169
Pälkäne,15.7845433255269,14.4262295081967,8.05620608899297,28.384074941452,3.70023419203747,5.66744730679157,10.2107728337237,13.7704918032787
Pöytyä,16.9636493228795,21.1332858161083,10.1568068424804,18.1397006414825,3.95580898075552,5.70206699928724,5.88025659301497,18.0684248039914
Porvoo,1.58043182260261,22.8943785255787,9.49231666990858,26.4588601439409,8.61213771639759,9.35129352266096,7.3964209297802,14.2141606691305
Raahe,2.33673380416776,36.9430639114134,6.61783939314674,19.6355392797977,6.45217542941843,9.0156072892144,5.71976632661958,13.279274566222
Raisio,0.234558248631744,17.0836591086787,9.90031274433151,38.0473025801407,9.26505082095387,7.78928850664582,4.59343236903831,13.0863956215794
Rantasalmi,26.2443438914027,9.59276018099547,5.97285067873303,21.6289592760181,4.8868778280543,7.14932126696833,7.23981900452489,17.2850678733032
Ranua,20.6094627105052,5.45308740978348,5.69366479550922,24.3785084202085,3.36808340016038,7.69847634322374,11.6279069767442,21.1708099438653
Rauma,1.23798856334375,25.2726522431174,7.41614101279255,28.1436066733479,7.53404468549195,12.1263927371338,4.81636502977068,13.4528090550021
Rautalampi,20.525783619818,12.5379170879676,4.04448938321537,24.3680485338726,3.2355915065723,6.16784630940344,5.25783619817998,23.8624873609707
Rautavaara,17.2675521821632,9.29791271347249,6.26185958254269,27.134724857685,2.65654648956357,7.40037950664137,6.26185958254269,23.719165085389
Rautjärvi,8.58490566037736,35.4716981132075,3.86792452830189,17.9245283018868,6.13207547169811,7.07547169811321,7.92452830188679,13.0188679245283
Reisjärvi,26.9557021677663,10.7445805843544,4.52403393025448,15.928369462771,9.70782280867106,3.58152686145146,11.5928369462771,16.9651272384543
Riihimäki,0.441481994459834,18.066135734072,8.05921052631579,31.6741689750693,8.31890581717452,13.391620498615,5.88642659279778,14.1620498614958
Ristijärvi,19.53125,2.08333333333333,4.94791666666667,23.4375,5.46875,12.500000001,4.42708333333333,27.6041666666667
Rovaniemi,2.37963256255939,5.70953436807095,8.12084257206208,27.1143490655686,9.74421919543871,16.1862527716186,10.0530566993982,20.6921127652835
Ruokolahti,15.5515370705244,5.87703435804702,5.69620253164557,27.0343580470163,3.52622061482821,11.6636528028933,13.0198915009042,17.631103074141
Ruovesi,14.7335423197492,27.5862068965517,4.89028213166144,18.2445141065831,8.71473354231975,6.89655172413793,5.26645768025078,13.6677115987461
Rusko,5.76923076923077,31.7599067599068,17.0745920745921,21.9114219114219,3.96270396270396,8.1002331002331,5.12820512820513,6.29370629370629
Rääkkylä,33.2273449920509,8.74403815580286,7.31319554848967,14.1494435612083,5.56438791732909,10.8108108108108,5.40540540540541,14.785373608903
Raasepori,4.04255319148936,11.8686401480111,9.3154486586494,27.6688251618871,6.89176688251619,10.2497687326549,8.56614246068455,21.3968547641073
Saarijärvi,12.3877917414722,14.392579293836,5.98444045481747,26.8402154398564,6.70257330939557,8.31837223219629,8.49790544584081,16.8761220825853
Salla,16.3333333333333,2.75000001,4.41666666666667,23.75,3.91666666666667,20.75,5.91666666666667,22.1666666666667
Salo,5.41017207683874,24.2432909099576,7.22627389294056,26.4311930978598,6.77344010677344,7.52180752180752,5.5293388626722,16.8644835311502
Saltvik,10.9677419354839,35.2688172043011,8.60215053763441,17.4193548387097,1.29032258064516,6.02150537634409,6.45161290322581,13.9784946236559
Sauvo,23.8744884038199,6.41200545702592,6.95770804911323,24.0109140518417,10.5047748976808,5.72987721691678,5.45702592087312,17.0532060027285
Savitaipale,17.2972972972973,8.01801801801802,6.84684684684685,29.2792792792793,5.22522522522523,6.48648648648649,6.3963963963964,20.4504504504505
Savonlinna,6.00202722270489,14.6901245293947,6.24818997972777,26.3611352447147,7.67448595424269,8.58673617144512,8.22473211699971,22.2125687807703
Savukoski,43.646408839779,0.828729281767956,1.93370165745856,17.9558011049724,5.24861878453039,9.39226519337017,7.18232044198895,13.8121546961326
Seinäjoki,2.83333333333333,15.89,8.41333333333333,28.2833333333333,8.27666666666667,9.2200001,6.15000001,20.9333333333333
Sievi,12.1024734982332,47.3056537102473,8.8339222614841,11.5724381625442,1.59010600706714,3.35689045936396,6.27208480565371,8.96643109540636
Siikainen,21.6599190283401,24.6963562753036,10.1214574898785,13.5627530364372,1.61943319838057,6.47773279352227,4.65587044534413,17.2064777327935
Siikajoki,23.6266981689309,9.92321323095097,8.6828115770821,17.6609568812758,7.50147666863556,5.55227406969876,10.8682811577082,16.1842882457177
Siilinjärvi,4.98500214255106,13.6123410941294,14.6407656049136,23.2252535352093,4.69932866733324,13.8551635480646,6.91329810027139,18.0688473075275
Simo,12.5190839694656,4.73282442748092,8.85496183206107,21.6793893129771,5.64885496183206,7.02290076335878,7.78625954198473,31.7557251908397
Sipoo,2.91650781547846,13.7056805184903,11.0369805566146,26.5535646206634,7.7582920320244,10.217308425467,8.21578345406024,19.5958825772017
Siuntio,7.48808713410483,5.6501021102791,8.64533696392103,33.2198774676651,5.58202859087815,10.3471749489449,9.12185159972771,19.9455411844792
Sodankylä,10.0055126791621,13.3682469680265,6.58765159867696,23.3461962513782,8.65490628445425,18.3572216097023,5.12679162072767,14.5534729878721
Soini,17.1990171990172,10.4422604422604,10.9336609336609,30.7125307125307,5.28255528255528,11.4250614250614,4.05405405405405,9.95085995085995
Somero,16.4596273291925,15.1483781918565,8.24706694271912,26.9151138716356,5.79710144927536,4.34782608695652,4.86542443064182,18.2194616977226
Sonkajärvi,26.2779552715655,6.30990415335463,9.66453674121406,16.2939297124601,5.5111821086262,11.8210862619808,4.95207667731629,19.1693290734824
Sotkamo,9.27591102697586,19.380028395646,10.4117368670137,26.5972550875532,6.05773781353526,9.4178892569806,6.81495504022717,12.0444865120681
Sottunga,46.875,0,6.250000001,12.5000001,6.2500001,3.125,15.625,9.375
Sulkava,19.1075514874142,12.7002288329519,5.1487414187643,25.0572082379863,6.40732265446224,12.4713958810069,4.5766590389016,14.5308924485126
Sund,14.4067796610169,6.35593220338983,8.05084745762712,28.8135593220339,3.38983050847458,8.47457627118644,6.35593220338983,24.1525423728814
Suomussalmi,11.046511627907,15.4433139534884,5.92296511627907,27.0712209302326,2.90697674418605,14.6075581395349,4.94186046511628,18.0595930232558
Suonenjoki,10.1250977326036,19.1164972634871,7.46677091477717,22.5957779515246,5.5512118842846,7.58405003909304,6.29397967161845,21.2666145426114
Sysmä,24.5267489711934,5.92592592592593,9.62962962962963,25.761316872428,6.5843621399177,7.65432098765432,4.44444444444444,15.4732510288066
Säkylä,5.23210070810386,23.4854445318647,6.05822187254131,18.1746656176239,4.3273013375295,27.7340676632573,3.18646734854445,11.801730920535
Vaala,17.7966101694915,5.72033898305085,8.47457627118644,22.1398305084746,2.86016949152542,17.5847457627119,6.14406779661017,19.2796610169492
Sastamala,8.1130849220104,23.5593587521664,6.12001733102253,24.9133448873484,5.93587521663778,6.68327556325823,6.86741767764298,17.8076256499133
Siikalatva,24.1778601204261,11.5331171838814,4.53913849004169,19.0365910143585,2.82538212135248,11.0699397869384,7.9203334877258,18.8976377952756
Taipalsaari,7.37704918032787,4.28051001821494,13.5701275045537,25.7741347905282,3.18761384335155,11.384335154827,7.19489981785064,27.2313296903461
Taivalkoski,12.6792452830189,9.88679245283019,6.94339622641509,26.7924528301887,3.16981132075472,13.811320754717,11.1698113207547,15.5471698113208
Taivassalo,16.9014084507042,19.9195171026157,9.25553319919517,23.1388329979879,8.45070422535211,5.03018108651911,6.03621730382294,11.2676056338028
Tammela,14.4208037825059,19.6808510638298,8.92434988179669,20.5673758865248,2.83687943262411,5.49645390070922,9.63356973995272,18.4397163120567
Tampere,0.294620234517707,14.4995243987643,6.54646161098344,25.3364983964242,17.3800685202488,11.4539929459498,8.07259442578516,16.4162394673266
Tarvasjoki,10.6741573033708,25.2808988764045,7.11610486891386,20.5992509363296,4.30711610486891,7.11610486891386,7.49063670411985,17.4157303370787
